
all_theta =

 Columns 1 through 7:

  -3.39041   0.00000   0.00000   0.00009  -0.00087  -0.00095   0.00156
  -3.25331   0.00000   0.00000  -0.00003   0.00040  -0.00092  -0.01640
  -5.06167   0.00000   0.00000  -0.00001  -0.00014   0.00377   0.01535
  -2.47561   0.00000   0.00000  -0.00001  -0.00003   0.00179  -0.00090
   0.61242   0.00000   0.00000  -0.00000   0.00008  -0.00083  -0.00743
  -3.63777   0.00000   0.00000  -0.00000   0.00002  -0.00013  -0.00025
  -2.27736   0.00000   0.00000  -0.00003   0.00020   0.00114   0.00549
  -8.12986   0.00000   0.00000  -0.00000   0.00005   0.00008  -0.00018
  -4.91520   0.00000   0.00000  -0.00000   0.00002   0.00033  -0.00511
  -6.06067   0.00000   0.00000  -0.00000  -0.00001   0.00013   0.00091

 Columns 8 through 14:

  -0.01902  -0.00148   0.00061   0.00048   0.00007   0.00045   0.00200
  -0.00912  -0.01320  -0.00159  -0.00860  -0.00324   0.00402   0.00546
  -0.02198  -0.00646  -0.00068  -0.00975  -0.00298  -0.00380  -0.01404
   0.00154   0.06823   0.05251   0.09043   0.02758  -0.00428   0.00603
  -0.00317  -0.01524  -0.00915  -0.00139   0.00011   0.00176   0.00834
  -0.00144  -0.00106  -0.00020  -0.00042  -0.00014   0.00008   0.00009
   0.07116   0.00714  -0.00397  -0.00702  -0.00243   0.00029   0.00082
  -0.00693  -0.00597   0.00051   0.00007   0.00001   0.00004   0.00014
  -0.00363  -0.00069  -0.01494  -0.00836  -0.00026   0.00096   0.00147
   0.00003  -0.00051  -0.00089  -0.00166  -0.00033   0.00034   0.00058

 Columns 15 through 21:

   0.00168   0.00447   0.00588   0.00050  -0.00008  -0.00000   0.00000
   0.00239  -0.00499  -0.00244   0.00387  -0.00012  -0.00002   0.00000
   0.01908   0.03133  -0.00245  -0.00073  -0.00001   0.00001   0.00000
   0.03668   0.01371  -0.00063   0.00028   0.00004  -0.00001   0.00000
  -0.03849  -0.06081   0.00004   0.00093   0.00000  -0.00001   0.00000
   0.00036   0.00053   0.00012   0.00002   0.00000  -0.00000   0.00000
  -0.00476  -0.00186   0.00033   0.00003   0.00000  -0.00000   0.00000
   0.00061   0.00168   0.00127   0.00017   0.00001  -0.00000   0.00000
   0.00274   0.00308   0.00103   0.00086   0.00012  -0.00002   0.00000
   0.00631   0.00557   0.00000   0.00002   0.00000  -0.00000   0.00000

 Columns 22 through 28:

  -0.00000   0.00001  -0.00120   0.00997   0.01142   0.00215  -0.02541
  -0.00000  -0.00001   0.00062  -0.00415   0.01338   0.15339  -0.08648
  -0.00000   0.00000   0.00046  -0.00370  -0.01306  -0.05363  -0.12997
  -0.00000   0.00012  -0.00012  -0.00966  -0.05184  -0.00588  -0.14278
  -0.00000  -0.00001  -0.00064   0.00680   0.02004   0.02486  -0.00180
   0.00000  -0.00001  -0.00001  -0.00026   0.00842   0.01107   0.00111
  -0.00000   0.00000   0.00033  -0.00183  -0.01601  -0.16512   0.14338
  -0.00000  -0.00001   0.00007  -0.00002   0.00035   0.00931  -0.00096
  -0.00000  -0.00001  -0.00001   0.00105  -0.00364  -0.00158  -0.01108
  -0.00000  -0.00001  -0.00000   0.00144   0.00185  -0.01000   0.00162

 Columns 29 through 35:

  -0.00002   0.00126  -0.00941  -0.00115  -0.00503  -0.02193  -0.01261
  -0.17898  -0.03110  -0.03375  -0.02952  -0.06490  -0.06261  -0.02646
  -0.09313  -0.07010  -0.06312  -0.03609   0.05171   0.13784  -0.25402
  -0.89117  -0.32137  -0.02021   0.10374   0.06328   0.02526  -0.34419
  -0.07361  -0.04611  -0.02383   0.00443  -0.01455  -0.09263   0.41944
   0.00375   0.01196   0.00894   0.01118   0.00256   0.01407   0.00690
   0.23972   0.12312   0.05319   0.00762  -0.03646  -0.06756   0.04649
  -0.02673  -0.03534  -0.01920   0.00429   0.00203  -0.00152  -0.00078
  -0.08035  -0.15964  -0.06210  -0.00439  -0.01550  -0.01675  -0.01657
   0.00423   0.00068   0.01334   0.01272   0.01369   0.00906  -0.04904

 Columns 36 through 42:

  -0.04013  -0.05503   0.00683   0.01048   0.00032   0.00018   0.00000
   0.03669   0.02509  -0.04716   0.00621   0.00114   0.00009   0.00000
  -0.37297   0.01778  -0.01391  -0.03500  -0.00515   0.00066   0.00000
  -0.14073   0.01422   0.00004   0.00150   0.00076   0.00027  -0.00002
   0.67078  -0.00248  -0.01142  -0.00389   0.00022   0.00002   0.00000
   0.00081   0.00145   0.00062   0.00013   0.00003   0.00001  -0.00001
   0.04436   0.01261   0.01915   0.01057  -0.00087   0.00084   0.00000
  -0.00395   0.00752   0.01541   0.00920   0.00056   0.00034   0.00000
  -0.02296  -0.00747  -0.00644   0.00248  -0.00107  -0.00159   0.00000
  -0.05992  -0.00858   0.00695   0.00579  -0.00023   0.00001   0.00000

 Columns 43 through 49:

  -0.00031   0.00032   0.02903   0.07214   0.10769   0.10613  -0.05954
   0.00029   0.00340  -0.01962  -0.34343  -0.26944  -0.38893  -0.45167
  -0.00015  -0.00743   0.06810   0.42091   0.88874   0.73865   0.34475
  -0.00154   0.01278   0.11424   0.27926  -0.00523  -0.26653  -2.16485
  -0.00002   0.00975  -0.07315  -0.33630  -0.68513  -0.84925  -0.25884
   0.00015  -0.00125   0.01174  -0.07824  -0.40223  -0.20371  -0.36724
  -0.00001  -0.00078   0.00639  -0.00400   0.46776   0.17220   2.79270
  -0.00008   0.00025   0.00707   0.00654  -0.08017  -0.20025  -0.17826
   0.00002   0.00026  -0.00294  -0.04511  -0.12113  -0.17045  -0.81949
   0.00005   0.00001  -0.00613  -0.02338  -0.06122  -0.10500  -0.17511

 Columns 50 through 56:

  -0.09185  -0.02287  -0.04110  -0.00573  -0.06770  -0.18462  -0.29570
  -0.27521   0.06784   0.44502   0.64153  -0.05064  -1.01661  -0.42196
  -0.10209  -0.07368  -0.14154  -0.23062   0.34816   0.71693   0.36209
  -2.11309  -0.55271   0.23171  -1.11834  -1.78466  -1.51616  -0.34218
  -0.11879   0.01168   0.00547  -0.07676  -0.20578   0.81608   1.30862
  -0.63708  -0.53130  -0.27711  -0.10768  -0.15616  -0.12051  -0.08396
   4.31446   2.95775   1.45233   1.45459   0.54532  -0.27607  -0.52286
  -0.03760   0.02366  -0.03039   0.00290  -0.06272  -0.26276  -0.49793
  -1.27376  -0.45930  -0.13033  -0.17020  -0.09205  -0.07619  -0.04279
  -0.26034  -0.28303  -0.40404  -0.51111  -0.39911  -0.68443  -0.41714

 Columns 57 through 63:

  -0.22622  -0.04464   0.05596   0.00081  -0.00037   0.00000   0.00151
   0.13640  -0.35338  -0.07965   0.03663  -0.00303   0.00016  -0.00003
   0.25276   0.41747   0.68884   0.03358  -0.00511   0.00000   0.00128
  -0.02067  -0.04352  -0.03512   0.00705   0.00036   0.00013   0.00077
  -0.33243  -0.20821   0.00721   0.00213   0.00020   0.00001   0.00118
  -0.00026  -0.00051  -0.00133  -0.00010  -0.00014  -0.00008  -0.00010
  -0.59129  -0.41014  -0.26095  -0.03993  -0.00312   0.00000  -0.00002
  -0.39789  -0.18132  -0.10693  -0.00003  -0.00410   0.00000   0.00129
  -0.08673  -0.05685  -0.09601   0.01909   0.02906   0.00000   0.00043
   0.06266  -0.05835  -0.07651   0.01003   0.00207   0.00000   0.00071

 Columns 64 through 70:

   0.00508  -0.18517  -0.67193  -1.02835  -1.38643  -0.81855  -0.91554
  -0.04690   0.07525   0.11533   0.25910   0.51425   0.56946   0.09982
  -0.03113   0.09348   0.61303   0.42372   0.36381  -0.14864  -0.73618
  -0.08333   0.12865   1.14245   0.23128   1.17379  -0.39365  -0.11178
   0.03416  -0.42538  -1.13107  -1.48081  -0.91002  -0.29375  -0.15837
   0.01921  -0.06496  -0.65696  -0.50884  -0.16523  -0.53131  -0.26795
   0.01180  -0.07964  -0.64578   0.37159  -0.45852   1.88016   1.48216
  -0.00205  -0.12212  -0.23729  -0.73333  -0.81620   0.21861   0.90612
   0.00141  -0.05486  -0.23167  -0.54590  -0.70138  -0.91114  -0.52551
   0.00134  -0.08817  -0.19986  -0.28796  -0.52912  -0.47399  -0.29514

 Columns 71 through 77:

  -0.08794   0.37230  -0.11868   0.00743  -0.55760  -0.76254  -1.16431
  -1.41183  -0.30531   1.12332   0.21111  -0.07457   0.54358  -0.19588
  -0.57586  -0.56596  -0.23606   0.93132   1.61013   1.50748   0.17056
   1.01870   0.98057  -0.59655  -2.40725  -1.73926  -0.95614  -0.76955
  -0.54313  -0.67375  -0.19161   0.13509   0.00083  -0.03180   0.24844
   0.82584   0.67657   0.30162  -0.43242  -0.33414  -0.25444  -0.39977
   1.55152   0.45292   0.71157   2.30198   0.33695  -1.56759  -0.98803
   0.57662  -0.50846  -0.40243  -0.06841  -0.07416  -0.09631  -0.79203
  -0.18703  -0.04799   0.48305   0.00501  -0.96116  -0.91977  -0.49468
   0.05324   0.41510  -0.11014  -0.11291  -0.42169  -0.19079   0.66276

 Columns 78 through 84:

  -1.60293  -1.53625  -0.03284  -0.01819   0.00000   0.00755  -0.05498
  -0.30684  -0.72219  -0.34042   0.01778   0.00191  -0.00633  -0.11992
   0.73381   1.41447   0.22857  -0.03190   0.00000  -0.00332  -0.03020
  -0.33704  -0.21032  -0.07528  -0.02473   0.00152   0.00736  -0.30704
  -0.01028   0.33155  -0.01590  -0.00484  -0.00001   0.00644   0.03803
  -0.09181   0.00693  -0.00203  -0.00083  -0.00314  -0.01736  -0.09397
  -0.63623   0.13730   0.44454  -0.05272   0.00000   0.00120   0.05529
  -0.81771  -0.54122  -0.05615  -0.01525   0.00001   0.00293  -0.00371
  -0.22015  -0.06727   0.00503  -0.00708   0.00001   0.00053   0.00421
   0.26469  -0.02519  -0.05824  -0.01812  -0.00001   0.00170  -0.00056

 Columns 85 through 91:

  -0.19286  -0.53080  -3.26466  -2.46894   0.01204   1.51268   2.25975
   0.44687  -0.23238  -0.59552   0.12374  -0.36276  -1.98945  -2.43360
   0.31263   0.68362  -0.00721   0.61332   0.71753  -1.15827  -1.18048
  -1.05498  -0.13858  -0.75137  -0.11061  -1.06203  -1.15051  -0.33704
  -1.08442  -2.10086  -1.09536  -0.07715   0.10189   0.53706   0.30317
  -0.08340  -0.24555  -0.02768  -0.16684  -0.10726   0.92488   0.61546
  -0.69095  -0.60897   2.64210   1.26421  -0.89679  -2.34857  -0.53575
  -0.31111  -0.87279  -1.15895  -0.13694   0.85817   0.44797  -0.00349
  -0.08196  -0.61623  -1.00051  -0.67255   0.53923   1.95087   0.75096
  -0.19187  -0.42066  -0.26136  -0.39851  -0.26967   0.61637   1.05029

 Columns 92 through 98:

  -0.00714  -0.55053   0.17102  -1.04355  -1.14327   1.97281   0.14033
  -0.27225   0.61141   1.05729   0.37449  -0.04261   0.28810   0.65196
  -1.02016  -1.03109  -0.22972  -0.18504   1.15821  -0.00582   0.26084
   2.22892  -0.43646  -1.18875   2.48736   0.12801  -2.59973  -1.28755
  -0.87793  -1.23387   1.17639   0.98547  -1.24416   0.31287   0.34014
   0.96135   0.57437  -0.39249  -1.08330  -0.61349  -1.25486  -0.81362
   1.00466   0.31474   0.97069  -1.95381  -2.72606  -1.94638  -0.53558
  -1.11614  -0.83095  -0.20079  -0.58441   0.29566   0.46011  -0.47729
  -0.43275   0.11722   0.16814  -0.83132  -0.71218  -0.79651  -0.85651
   1.56808   0.48333   0.60849   0.67761  -0.34394   0.71380   1.02035

 Columns 99 through 105:

  -1.42421  -0.25043  -0.04070  -0.00002  -0.01695  -0.14150   1.69876
  -0.87530  -1.02668   0.01138  -0.01384  -0.13563   0.05969   0.82918
   1.17437   0.11904  -0.06176   0.00008  -0.01196  -0.06665   0.57433
   0.56056  -1.14302  -0.25007  -0.00005  -0.00686  -0.12202  -1.01859
  -0.11127  -0.10925   0.00115  -0.00011   0.01267  -0.06575  -1.03396
  -0.31714  -0.00998  -0.00204   0.02402   0.14193   0.29860  -0.01729
   1.14984   0.28329  -0.56202  -0.00009   0.00337  -0.02755  -0.43983
  -0.63886  -0.30521  -0.00414  -0.00012  -0.00108   0.03930  -0.39886
  -0.11039   0.03095  -0.16620  -0.00007   0.00096   0.01068  -0.26022
   0.08159  -0.18594  -0.05437  -0.00020   0.00352  -0.03223  -0.32008

 Columns 106 through 112:

   0.08167  -0.83347  -1.57139  -0.93553   2.50823   1.65190  -2.28716
   0.35054   0.44360   0.46059  -0.20522  -2.79780  -2.09962   1.40750
   0.49565  -0.30540  -0.14936  -0.18096  -1.28155  -0.38267  -0.94272
  -0.47797  -0.62467   0.99695  -0.06514   0.12049   0.78113   1.02321
  -0.86558  -0.97657  -1.11601  -0.04698   0.97908   1.18831  -0.86949
  -0.81210  -1.89800  -0.93535  -0.22361  -0.82080  -0.02556   1.18744
   0.65957   1.31267   1.35546   0.44684   1.92193  -1.60807  -0.60637
  -1.07973   0.07062   0.44716   0.73887  -0.03290  -0.40315  -0.34719
  -1.09820  -0.63263  -0.24933  -0.03619   0.68503   0.92190   0.06992
  -0.63985  -0.39215  -1.05528  -0.40451   0.36858   0.18676   0.92658

 Columns 113 through 119:

  -1.39327  -0.09150  -1.62856  -1.75954   4.21476   0.94732  -3.49140
   0.89681  -0.12977   1.34202   0.04534   0.18975   1.36011  -0.08179
  -1.63246  -0.46576  -0.24822   0.48344  -0.73070   0.01170   2.02758
   0.03768   1.56983  -1.98799  -1.45019  -1.91069   0.01978  -1.05400
  -2.69934   0.64058   1.32959   0.49011   0.40220   0.63406  -1.09934
  -1.94337   0.57523  -0.58835  -1.78498   0.85762  -0.86912  -0.79163
  -0.80000   0.90988  -3.08535  -2.12167  -0.64819  -0.19030   1.08949
  -0.96976   0.10727  -0.50608  -0.58013   0.86899  -0.49990  -0.38172
  -0.74204  -0.21210  -0.00486  -0.05018  -0.16247  -0.36054  -0.16692
   1.64262   0.47957   1.40535   0.21582  -0.49390  -1.26535  -0.61275

 Columns 120 through 126:

  -0.71397  -0.04761  -0.00017   0.01523  -0.87410  -0.36768  -0.61392
  -1.29476  -0.04241  -0.07599  -0.40723   0.32114   0.96900   0.04733
   0.17465  -0.11589   0.00019  -0.00985  -0.12881  -0.31844  -0.12707
  -2.49143  -0.52899   0.00279  -0.02399  -0.46725  -0.46015   0.54964
  -0.67679  -0.01807   0.00224  -0.01371  -0.26477  -0.61227   1.04092
  -0.01660  -0.00725   0.14515   1.16562   0.95125  -0.27635  -0.26412
   1.07342  -0.17587   0.00030   0.00044  -0.12418   0.12225   0.74285
  -0.54550  -0.03307  -0.00007  -0.00721   0.04143  -0.41597  -0.67232
  -0.06713  -0.09565  -0.00008   0.00123   0.00804  -0.41811  -1.22015
  -0.30810  -0.04102   0.00299  -0.02556  -0.33016  -0.80927  -0.92750

 Columns 127 through 133:

  -1.48411  -0.61341  -1.10620  -0.69955  -1.27208  -1.03328  -0.69942
  -0.21931   0.80854   0.31267  -2.55800  -1.60577   0.55094   0.42693
  -0.21165  -0.63341  -0.74856  -0.82737  -0.41037   0.71086  -0.82920
  -0.02535  -1.58710  -1.06261   0.51905   1.51474   0.53079   0.84540
   0.78826   0.70384   0.48646   0.04417   0.16979   0.25984   0.13142
  -0.77041  -0.28731   0.72836   1.27611   0.67576   0.85724   0.62633
  -0.92141   1.31989   0.03095   0.54891  -2.19317   1.09486  -0.48974
   0.04106   0.96703   0.52646   0.03176   0.03355  -0.40944  -1.08780
  -0.53610  -0.16615  -0.40514   0.39838   0.75929  -0.17296  -0.21351
  -0.27044  -1.10161   0.11396  -0.21410   0.00684   0.10363   0.80654

 Columns 134 through 140:

  -0.15799  -0.89955  -1.95707  -2.07537  -0.02675  -1.91839  -1.18743
  -0.57135   0.80761   0.65317  -0.08794  -1.09568  -0.76906  -1.15987
  -0.57468  -0.23258   0.35068   0.18373   0.13238   0.50341   0.18532
   2.45376  -1.05024  -0.79321  -0.94893   0.72783   0.39564  -1.17013
  -2.58655  -1.30592   1.30732   0.06076  -0.08137   0.11263  -0.62381
   1.96267   1.33173   0.17141   1.77151  -0.15055  -1.10713  -0.06343
   0.13465  -2.57735   0.73218   1.99494  -1.64774  -0.01907   0.97421
   0.79509   0.80805  -0.07720   0.04291  -0.71740   0.10907  -0.75316
   0.51396   0.11380  -1.15682  -0.27535  -0.08793  -0.52717   0.55392
   0.28229   0.02974   0.09078   0.02006   0.15704  -0.97810  -0.67544

 Columns 141 through 147:

  -0.03032  -0.00091   0.05168  -1.71181  -2.91343  -0.85845  -1.08981
  -0.08674  -0.05153  -0.34959   0.99469  -0.01575  -0.40227   0.41840
  -0.13502   0.00027  -0.00850  -0.00074  -0.14720   0.99283  -0.12505
  -0.25578  -0.00551  -1.02047  -2.43230  -0.11386  -0.17592  -0.25139
  -0.14020   0.00242  -0.03190  -0.50257  -1.17004  -0.23314  -0.40016
  -0.01099   0.12494   0.87172   0.21480  -0.21372  -0.22807  -0.64675
  -0.21631   0.00012   0.00969  -0.28748   0.20141   0.83679  -0.16980
  -0.10611   0.00153  -0.02103  -0.00298  -0.16468  -0.25118  -0.33822
   0.09712  -0.00152  -0.01287  -0.00326  -0.51691  -0.04159   0.50395
  -0.02671   0.00414  -0.03384  -0.89316  -1.04654   0.12820   0.78847

 Columns 148 through 154:

   0.12346  -0.84859   0.87811  -2.32688  -2.37837  -1.28120  -2.51119
   0.43380  -0.17418  -1.90779  -0.64971  -0.97846   0.71276  -0.03907
  -0.27428  -1.26772  -0.55327  -0.58384   0.09140  -0.27593  -2.14489
   0.33916  -0.03256  -0.06459   1.96881  -0.81852   0.10562  -1.52183
  -0.98235   1.20405   0.52792   0.12122   0.41534   1.34319  -1.17912
  -1.35827  -0.07131  -0.16606   0.27610   0.73008  -0.10143   0.35322
   0.96146  -0.53319  -0.50096   0.12140   0.00215  -1.22384  -0.73836
   0.57306   1.20676   0.10452  -0.51026  -0.23478  -0.07614   1.37838
  -0.45854   0.57857   1.27417   0.38371  -0.13421   0.54927   0.26697
  -0.41447   0.04404   0.32954   0.71584   1.08088  -0.04213   1.07677

 Columns 155 through 161:

   1.61860   2.41691  -0.96487   0.02322   0.09848  -2.69556   0.00392
   0.07426   0.48734   0.95360  -0.83730  -0.94285  -1.07495  -0.14690
  -1.10733  -0.72708  -0.25533   0.52607  -0.15306   0.40038  -0.11150
  -0.91358  -1.16317  -0.71429  -0.63461  -0.73372  -2.35961  -0.17757
  -0.53477   1.09838  -0.17263  -0.13054   0.51079  -0.62613  -0.15742
   1.15890   0.50784   0.82159  -0.27080  -1.71387  -0.06799  -0.01368
  -1.44782   0.34331  -0.43430  -1.37976  -0.38442   0.24508  -0.48985
   0.68348   0.19705  -1.03101   0.48897  -0.14289  -1.21201  -0.14833
  -0.06366  -1.18662  -0.22769  -1.06581  -0.51927   0.20649  -0.40597
  -0.07832   2.00219   0.78474   1.79730  -0.22009  -1.34104  -0.19716

 Columns 162 through 168:

   0.02225  -0.27526  -1.34398  -0.53492  -1.95442  -1.41601   0.20755
  -0.03304   0.26358   0.99661  -0.37703   0.47906   0.56237  -0.52863
   0.00143  -0.01276   0.15602  -0.10730   0.51494  -0.34935  -0.48550
  -0.09201  -1.21948  -1.91335  -0.35327  -0.72884  -0.92246  -0.65737
   0.00331  -0.10698  -0.00505  -0.34331   0.38843   0.76710   1.22161
   0.02005   0.06043  -0.67649  -1.77866  -0.15877  -0.28332  -0.63133
   0.00444  -0.03919  -0.51165  -0.14929  -0.12922   0.30886   1.48066
   0.00153  -0.01463  -0.08993   0.03103   0.03719  -0.60204   0.50576
  -0.00431  -0.05328  -0.10991   0.29467   0.94942  -0.04607  -0.33223
   0.00267  -0.03795  -1.31780  -0.38428  -0.07717  -0.23864  -0.66836

 Columns 169 through 175:

   0.09772  -0.38417  -2.24768  -0.44106   0.74505  -0.84178  -2.14745
   0.42189  -1.19866  -0.64500   0.42521   1.05602   0.71576   0.91662
  -1.43046   0.30510   0.08949   0.29030   0.49647  -1.54635  -0.43344
  -0.26067   0.69929   2.08694   2.20861   1.55511  -0.82405  -0.68864
   0.58346   0.32802   1.11775  -0.04044  -0.16748  -0.76779  -0.11963
  -1.03174   0.05476   0.54427   0.46712   0.60394   1.86668   1.27211
   0.71571  -0.56098  -2.17333  -1.30802  -1.24747   0.72040  -0.66834
   0.22992   0.43209   1.01208   1.25282   0.41770   0.12426   0.92234
   0.04785   0.45056   0.25997  -0.42015   0.12664  -0.08452  -0.00269
  -0.05894   0.36519  -0.46960   1.14156   1.02489   1.17826   0.75701

 Columns 176 through 182:

   0.55292  -0.09656  -1.02438  -1.67439  -3.15983  -0.47232   0.04614
   0.64449   0.70915  -0.18253  -0.84780  -0.82751  -0.09753  -0.04925
  -0.56244  -0.19232   0.30848   0.13196   0.16993  -0.27083   0.00263
  -0.77158  -2.04001  -0.27148  -0.51506  -2.69600  -0.16720  -0.12876
  -0.34072   0.91516   0.78288   0.40120  -0.51670  -0.16137   0.01805
   1.12152   0.77703  -1.01797  -1.72684  -0.07007  -0.01745   0.00631
   0.61782   0.76134  -0.77781   0.62317   0.88920  -0.60636   0.01154
   0.16008  -1.06651   1.24370  -0.41505  -1.18777  -0.24875   0.00351
  -1.08945  -0.43950  -0.68658  -0.52487   0.29259  -0.66084  -0.00088
   1.66667   0.27378   1.40691   0.16569  -0.97897  -0.31563   0.00105

 Columns 183 through 189:

  -0.52398  -0.24444  -0.77783  -0.91550  -0.39270  -0.22155   0.23484
   0.32174   0.45561   0.79946   0.09337  -0.76650   0.44308  -0.67988
  -0.05282   0.65080   0.48519   0.23222   0.27798   0.67931  -0.85057
  -1.19320  -3.36427  -1.46165  -0.92051  -2.00395  -0.70953  -0.75747
  -0.26788   0.16734  -0.60716  -0.63172   0.28837  -1.36719   0.82071
   0.36780   0.36790  -2.00557  -0.19248  -1.38442  -0.12439  -0.24312
  -0.11743  -0.68686  -0.61569  -0.32418   0.99244  -0.63082   1.04261
  -0.04108  -0.22804  -0.23978   1.12682  -0.28153  -0.08353   0.91212
  -0.08714  -0.31614  -0.34717   0.78778   0.64964   0.40313  -0.62770
  -0.12897  -0.79305   0.50500   0.27938   0.70174   0.61311   0.23307

 Columns 190 through 196:

   0.51044   0.45621   1.06369   0.63780   1.01698   0.74042   0.20278
  -1.83086  -0.59202  -0.18376   0.21589   0.16386   0.87781   0.22023
   0.49359   0.42206   0.20641   0.35609  -1.27762  -0.56086   0.12912
   0.35727  -0.51455  -0.16656  -0.09089   1.38344   2.53810  -1.18659
   0.05871   1.02032  -0.26747  -0.00827  -1.91901   0.02150  -0.05617
   1.09589  -0.39820  -0.09770  -1.04232   0.01531   0.77628   1.04268
   0.62924  -3.22896  -0.73015  -1.00683  -0.74027  -0.71841   0.07482
   1.47509   0.12436   0.20172   1.01614   0.44728   0.06720  -0.64696
  -0.43974   0.34123   0.54549  -0.04639   0.04714  -0.31028  -0.86048
  -0.71068  -1.12750   0.49456  -2.11114  -2.49016  -1.73526   0.01354

 Columns 197 through 203:

  -1.50426  -0.19242  -0.22866  -2.32664  -0.13305   0.03041  -0.29067
   0.20748  -0.08403  -0.41358  -0.77744  -0.07556   0.09319  -1.13006
  -0.14206  -0.14047   0.58062   0.33163  -0.47873   0.00222  -0.04422
  -0.70192  -0.43023  -1.04283  -2.99901  -0.49651  -0.09655  -1.88430
   0.29007  -0.46408  -0.19995   0.12809  -0.25281   0.03282  -0.51138
   1.37877   0.05135  -2.19030  -0.29479  -0.00836   0.01355   0.56003
   0.59157  -0.29348  -1.52846   0.37080  -0.01796   0.00062  -0.02589
   0.58752   1.24028   0.11518  -1.14404  -0.31780   0.00908  -0.09185
  -0.10247  -0.54924  -0.86615   0.47314  -0.67936   0.00255  -0.12036
  -0.77678   1.53761  -0.16350  -0.54174  -0.27693  -0.00833  -0.15208

 Columns 204 through 210:

   0.81704  -1.58570  -2.61109   0.40931  -0.47237   0.54811   3.06036
  -0.46955   0.91995   0.32663  -0.35216   0.48451  -0.55636  -0.62541
   0.09944  -0.26565  -0.43708   0.68172  -0.57647   0.18850   1.19581
  -3.68953  -0.07677  -0.85782  -1.59874  -1.47522  -3.14027  -0.93293
  -0.73819  -0.39132  -0.11810   0.09285  -0.47759   0.41557  -1.05413
   0.86175  -1.11614  -0.23032  -0.09739  -0.72060  -1.17603  -0.27227
  -0.80335   0.28113  -0.01199  -0.63632   1.54566  -0.20622   1.04264
  -0.52522   0.12959   0.86187  -0.58899  -0.51803  -1.23206   0.13995
  -0.32811  -1.11126   0.67076   2.01639   0.95704   0.64178  -0.13868
   0.01711   0.52895  -0.20554   0.57331   0.67108  -0.10843  -0.91215

 Columns 211 through 217:

   3.04233   2.17819   2.54370  -0.12092   1.41870  -0.11179   0.15591
  -1.52249  -0.39316   0.51694   0.22382   0.44474   0.29499  -1.09565
   0.26414   0.06345  -0.23589  -1.70452  -1.01088   0.16802   0.05857
  -0.46073  -0.80330   0.48755  -0.09334   0.66852   0.50031  -0.35608
  -0.31308  -0.86946   0.33303  -1.17078   0.83509  -1.09089   0.34870
  -0.31028   2.26602   0.15740  -0.05324   0.63036   0.54028   0.21672
  -1.96763  -0.54969  -1.22200   1.49982   0.38996  -1.10021  -0.59917
   0.76122  -0.12664   0.33581   0.23562  -1.20306  -0.93752   0.19895
   0.49008   0.25345  -1.21014   0.24712  -0.16609  -1.05900  -0.19038
  -2.13392  -3.46085  -3.99226  -1.56973  -1.19018  -1.68885   0.32057

 Columns 218 through 224:

  -0.29501  -1.61771  -1.78769   0.05504   0.00877  -0.16979   0.53521
  -0.22790  -0.24899  -0.97005  -0.05380   0.27532  -0.83309  -0.88133
   0.12831   0.01653  -0.64346  -0.41888   0.00337  -0.07587   0.35539
  -0.56613   0.14993  -1.18501  -1.23018  -0.33781  -1.21082  -2.33504
   0.38335   0.68108  -0.29312  -0.27721   0.03556  -0.50277  -1.31605
   0.07560  -2.59983  -0.49806  -0.02031  -0.01064  -0.10341   0.45128
  -1.21255   1.98692  -0.45019  -0.62562  -0.00041  -0.00696  -0.49126
  -0.39218   0.77572  -0.87134  -0.22439   0.01010  -0.13574  -0.67212
  -0.68601  -1.31182   1.02790   0.05861   0.00568  -0.13597  -0.50093
   0.64692  -0.43916  -1.07447  -0.11965  -0.01580  -0.39341  -0.79829

 Columns 225 through 231:

   2.32534   0.73649  -0.49917  -1.02503   1.99850   1.36499   0.45972
   0.15914   0.42195  -0.13158  -0.86702  -0.05887   0.35127  -0.41691
   0.72418   0.42449  -0.26172   0.86587   1.48422  -0.41746   0.81709
   0.75442  -0.32679  -2.37434   1.21521  -0.50223   1.75550  -0.19207
  -0.73053  -0.40596  -0.64266  -0.61208  -1.49912   0.51616  -1.56524
  -0.85955  -0.70576  -0.65020  -0.64808  -2.06568  -0.59176  -0.45566
  -2.02086   1.10465  -0.62352   0.61626   1.77273   1.80536   0.21165
   0.01309   0.27856  -0.00938  -0.04411  -0.55210  -0.14245   1.69290
  -1.58659   0.56434   1.86752  -0.38559  -0.51395   0.36253   0.37118
   0.19890   0.57903   0.37279  -0.30714  -0.56652  -0.86883  -2.25942

 Columns 232 through 238:

  -1.16157   0.21306  -1.97199  -1.18962   0.73331   0.96981   0.89807
  -0.54659   0.28758   0.39219   0.02236   0.39732  -0.77012  -0.51074
   0.25152   0.05703   0.70139   0.64642   0.21017   0.37203   0.16423
   0.80356   2.40041   1.07519   0.57904   1.11407  -1.69948  -0.14495
  -0.13074  -1.75460   0.63980  -0.45513  -0.94256   0.16786  -0.13496
  -0.57069  -0.12297  -1.33243   0.77217   0.70546   1.29735   0.13252
   0.06861  -1.54079   0.57091  -1.50754  -0.29064  -0.54657   0.27387
   0.75215   0.67503   0.23195   0.24160  -0.57554  -0.41962  -0.22056
   1.11459   1.03000  -0.31250  -0.11527  -0.69134  -0.50846  -1.02475
  -2.20733  -0.36460  -0.69604  -0.33737  -0.88382   0.05322  -0.75642

 Columns 239 through 245:

  -2.96975  -1.99536  -0.05131   0.02322  -0.19447  -2.52159  -3.08870
  -0.85493  -1.18546  -0.10773   0.08114  -0.65948  -1.28596   0.50490
  -0.29800  -1.04460  -0.28427   0.00397  -0.05717   0.95783  -0.32375
  -1.03200  -1.49040  -0.64661  -0.07008  -1.62603  -3.93288   0.58471
   0.09950  -0.42907  -0.19061   0.03971  -0.45181  -1.70619   0.81718
  -1.47330  -0.24721  -0.01788  -0.04203   0.32728   0.48753  -1.42121
   0.07371  -0.76236   0.18755   0.00282  -0.01384   0.05905  -4.81602
   1.09943  -0.70176  -0.10308   0.01289  -0.15559  -1.02399   0.23438
  -0.15157   0.10703  -0.19218   0.01601  -0.15991  -0.77567  -2.08757
  -0.64773  -0.83046   0.00290   0.04644  -0.68211  -0.51701  -0.01786

 Columns 246 through 252:

  -1.62694  -2.16051  -0.45209   0.04150   0.10634   0.07984   0.95376
   0.38663  -1.13830   0.72488  -0.09302  -1.04817   0.17536   0.28271
  -0.29193   0.47235  -0.03130   0.30918   0.65313   1.06381  -0.65497
  -0.44663  -1.15602  -0.77455  -0.37827  -0.13098   1.44795  -0.04944
  -0.42183  -0.57384   0.45201  -2.28591  -0.09503  -0.80443   0.11369
  -0.21931  -0.31153  -2.19667  -1.54099   0.21438  -0.11960  -0.00397
   0.59377   0.35703   0.87372   0.42025   1.96511  -0.83869   0.36997
   0.89817  -0.74973   0.37561   0.08002  -0.79350  -1.14815   0.40180
   0.93796   0.86218  -0.26343  -0.21621   1.06587  -0.07204   0.74610
  -0.18207   1.20948   0.04742   1.04763   0.64380  -0.07120   0.17109

 Columns 253 through 259:

   1.31461  -0.91625  -0.78919  -1.34083  -1.35931   2.39542   0.78157
  -0.96287   0.56112   0.52989  -0.38498   0.38940   0.77497   0.21434
  -0.44660   0.15696  -0.13253  -0.37495   0.71664   0.19662  -0.60066
  -0.33139   0.76334  -1.58406   0.08462   0.53308   1.77434  -0.69704
  -0.77102   0.82268  -0.02996   0.63953  -0.58046   0.02401  -0.19678
   0.38584  -0.13394   1.01331  -0.39999   0.59386  -1.15696  -1.05450
   1.50474  -1.29128   0.10978  -0.44769  -0.63781  -1.81880  -1.00706
  -0.78660  -0.09101  -0.61778  -0.35681   0.72240  -0.05669   0.50618
  -0.06785  -0.05806   0.55129  -1.07566  -0.79170  -0.80522   0.12365
  -0.67823  -0.16017  -0.38619  -0.73656  -1.81401  -0.44619  -0.29315

 Columns 260 through 266:

  -0.96848  -0.12445   0.01837  -0.25543  -0.92995   1.69115   0.65796
  -0.51445  -0.06976   0.05951  -0.91237  -1.32302  -0.60962   0.64314
  -0.87164  -0.12567   0.00212  -0.03750   0.73428  -0.07959  -0.33948
  -3.15191  -0.52437  -0.00231  -0.80808  -1.97613  -1.45784  -1.21708
  -0.41682  -0.21928   0.02218  -0.25171  -1.35111  -0.38738   0.08877
  -0.15998  -0.00755  -0.06922   1.06604   1.11450  -0.82578   0.82954
   0.98376   0.59684   0.00233  -0.01280   0.01455  -3.14703  -1.03589
  -0.52442  -0.05862   0.01440  -0.17011  -0.60214   0.35238  -0.43833
   1.34383  -0.13187   0.01263  -0.12949  -0.60516  -1.73618   0.52192
  -0.33488  -0.02629   0.02814  -0.32497  -0.25467   0.21804  -0.21632

 Columns 267 through 273:

   1.97964  -0.99256  -1.33538   1.45776  -1.45878  -1.33213  -2.67074
  -0.60668   1.05562  -0.39603  -1.26702  -0.45381  -0.74266   0.37351
   0.75021  -0.43182   0.24942   0.82366  -0.58306  -0.37885   0.12143
   0.81122  -0.45436   0.27098  -0.41242   1.05732   1.20334   0.86678
  -0.53562   0.23120  -1.32430  -1.27331  -0.40215  -0.31042  -0.01357
  -2.17807  -2.66722  -0.40686  -0.71136  -0.70399  -0.56487  -0.05068
  -0.14985   0.44498   0.32969   2.33083  -1.81509   0.17023   1.29026
   0.05238  -0.12871   0.07329   0.92302  -0.66764  -0.72659  -0.57711
  -0.26575  -0.54068   0.62190   0.11053   0.58936  -0.40168  -0.89032
   0.94187   0.97397   1.43890   0.85490  -0.87924  -0.76097  -0.27214

 Columns 274 through 280:

  -1.44520   1.37501   1.79048  -0.88988   1.31594   0.33555  -0.84247
   0.00363  -0.25369   0.09936   0.48481  -0.44030   0.83094  -0.09438
   1.59303   0.53313  -0.06818   0.02692   0.11454   0.27379   0.14982
   0.29651  -0.14134  -1.42809   0.00035   0.95734  -1.41481  -1.53813
  -1.03734   0.67521  -0.73245   0.14514   0.10236  -0.53187  -0.81500
  -0.04357   0.23957   0.01526   2.03077  -0.21453  -0.86492  -0.16049
   0.30424  -0.32331  -1.54103  -1.59723  -1.91471  -1.29789   1.51324
  -0.95869  -0.57353   0.19695   0.14943   0.24924   0.57922  -0.12538
   0.28670  -0.45026  -0.10994  -0.32995  -1.30933  -0.19387   1.36471
   0.29342  -0.00898  -0.84945  -1.33263   0.19902  -0.36988  -0.29130

 Columns 281 through 287:

  -0.04149   0.00258  -0.01601  -0.56589  -0.69312  -0.31829  -0.66178
  -0.08152   0.03486  -0.46264  -0.09012  -0.80208  -0.09466  -0.25993
   0.06100  -0.00071  -0.00837   0.24280  -1.01292  -0.45693   0.35747
  -0.12401   0.03813  -0.53280  -0.69663   1.43929   0.79780  -0.96756
  -0.29622   0.01783  -0.29346  -0.39005   0.01481   0.26261   0.97859
   0.00108   0.03585   0.67551   0.87169   1.22618  -0.91737  -2.80683
   0.74536   0.00062   0.00226  -0.00001  -1.72992  -1.16981   0.43497
  -0.03157   0.00601  -0.05994  -0.61670  -0.03947   0.00555  -0.11793
   0.30584   0.00132  -0.04581  -0.33586  -1.30819  -0.19018   0.82723
   0.00519   0.00191  -0.07045  -0.42674  -0.11524   1.07669   0.33183

 Columns 288 through 294:

  -1.07674  -0.69656  -2.47641  -2.22656  -1.12391  -2.08845  -1.48122
   0.12459   0.87540   0.41680   0.14958  -0.31716   0.58181  -0.57078
   0.64715   0.37578  -0.22486  -0.50326   0.10347  -0.19780   0.06659
  -0.62707  -0.46333  -1.71923   1.32552  -0.37122  -0.15445   0.35012
  -0.02632  -1.98699  -2.42323   1.11194  -0.71200   0.37364   0.06767
  -0.14811   0.08888  -1.51279   0.44871   0.96831  -1.22920   1.25834
  -0.14384   0.35461   0.22026  -0.44340   0.29628   0.66245  -0.44441
   0.26554   0.87412   1.05940  -0.04994  -1.16661   0.59868  -0.30479
  -0.44461  -0.27886   1.35081   0.69982   0.36501  -0.78030  -0.20415
  -1.22528   0.26359   1.01900  -0.34324  -0.26452   0.45220  -0.40012

 Columns 295 through 301:

   2.01390  -0.94937  -0.24854   2.38595  -1.34716  -0.74962  -0.04479
  -0.49166   0.88655   0.67725  -0.91920   0.79415  -0.34596  -0.02741
  -0.23346   0.23718   0.47736   0.31971  -0.34458   0.23475   0.17846
   1.16126  -0.18024   0.58531   0.12855  -1.66571  -1.07913  -0.14226
   0.27521   0.52292   0.64374  -0.14398  -0.18546  -0.95993  -0.20532
  -0.39417   0.13636   0.26061  -0.59078  -0.52534  -0.11041  -0.00838
  -1.41951  -0.97013  -0.92246  -1.88814  -2.01457   0.68291   0.57698
  -0.85010  -0.17329  -0.75890  -0.17251   0.40345  -0.09731  -0.03365
   0.57956   0.24065  -0.58143  -0.61808   0.48309   1.13171   0.20167
   0.06158  -1.20771  -0.32694   0.04499  -0.99374  -0.36898  -0.01399

 Columns 302 through 308:

  -0.00017   0.02008  -0.17993  -1.38229  -1.30228   1.10905  -0.27492
   0.00267  -0.11531  -0.28542  -1.07027  -0.47703   0.73939  -0.34854
  -0.00038   0.01338  -0.09112  -0.95905  -0.76373  -0.92471   0.61992
   0.04520  -0.59824  -0.25317   1.13485   0.09460   1.56777  -0.45878
   0.02520  -0.31898  -0.33245   0.65711   0.32625   0.37677   1.02720
   0.00532   0.30042  -1.22831  -0.04168  -0.83352  -0.86590  -1.37085
  -0.00001   0.00324   0.04955  -1.22506  -0.49336   0.52480   0.60716
  -0.00013  -0.00096  -0.26620   0.12135   0.25703  -0.45645  -0.16728
  -0.00189  -0.00345  -0.05291  -0.97361  -1.57568   0.42851  -0.53731
   0.00259  -0.03111  -0.69315  -0.57674   0.77349  -0.56420  -0.06667

 Columns 309 through 315:

  -1.53512  -1.28905  -0.96716  -1.38249  -1.79840  -1.68752  -1.52910
   0.14519  -0.24809  -0.45370  -0.88980  -0.17808   0.73570   0.35110
   0.45389  -0.76905  -1.01525  -0.22778   0.30883   0.95106   0.55242
   0.87429   0.48358   0.16655   0.56963  -0.44457  -1.81343  -1.95745
  -0.79395  -3.26854   0.47492  -0.01291  -0.31711   0.38255   0.06689
  -1.90216   0.58531   0.03460   1.58529   0.11281  -0.95790  -1.01502
  -0.18080   0.27770   1.47141   0.18078   0.80733  -1.79910  -0.53124
   0.68271   0.17661   0.55680  -0.83714  -0.60213  -0.11302   0.01867
   0.04934   0.89906   0.62282   0.51669  -0.66316  -1.14069  -0.49574
   1.20697   0.79353  -0.38356   0.00079  -0.45479   0.50304   0.84034

 Columns 316 through 322:

  -0.68774   0.59838   0.10580  -1.55378  -0.01710  -0.00893  -0.00001
   0.23631   0.87824   0.37294   0.26786  -0.29072   0.00707  -0.00213
   0.87292   0.75112  -0.33436  -0.03427   0.25785   0.01365   0.00002
  -0.17570   1.18656   0.79139  -1.58620  -1.87856  -0.73407   0.00992
  -0.56201   0.24964   0.47360  -0.50732  -1.01140  -0.65207   0.00486
   0.38056  -1.62654  -0.89868  -0.19117  -0.08580  -0.08647  -0.00593
  -0.73497  -0.11019  -1.58577  -0.83412   0.62332   1.75038  -0.00000
   0.55311   0.02674   0.46517   0.08264  -0.16179  -0.02786   0.00343
  -0.45867  -0.66738  -0.17068   1.08791   1.19510   0.05776  -0.00033
  -0.49868   0.25445  -0.33683  -0.63575  -0.38593  -0.16916   0.00052

 Columns 323 through 329:

  -0.01255   0.08745   0.70889  -1.12876  -1.05491  -1.23536  -1.00490
   0.01580  -0.16262  -0.99759  -1.00090  -0.55121  -0.47947  -0.41260
   0.00914  -0.09820  -0.40428  -0.38579  -0.52204  -0.45591   0.09467
  -0.13204   0.02863   0.33371   1.56275   0.33525  -1.52870   0.38187
  -0.04858  -0.13530   0.22821   0.26649   0.07313   0.30490  -0.75732
   0.08360  -1.78019  -0.62789   0.53251  -0.80130  -1.10603  -1.38253
   0.00186   0.03429  -0.61144  -0.58812  -0.39744   0.72767   1.38557
  -0.03293  -0.15612  -0.40992   0.09462   0.49864   1.33322   1.35611
   0.00220   0.00373  -0.47753  -1.46886  -1.22490  -1.50941  -0.55764
  -0.00411  -0.14897  -0.04053  -0.11548  -0.54862  -0.05359   0.99184

 Columns 330 through 336:

  -0.47026  -0.32007  -0.18030  -0.32814  -0.93592   0.31930   0.86792
  -1.25718  -0.33159  -1.28122  -1.28929   1.32973   0.30294  -0.03059
  -0.33294  -0.83140   0.02894   0.80775   0.19527  -1.05564  -0.92974
  -1.29903  -1.68303   0.33009   1.50448   1.30637  -2.47135  -1.03127
  -4.57048  -3.59368  -1.00534  -0.61669  -0.12881   0.45262   1.26256
   0.37921   0.01741   0.95688   1.00457   0.52783   0.30448  -0.03156
  -0.60656  -0.96001  -0.78814   0.63455  -1.97521  -1.92654  -2.54186
   0.62513   0.36961  -0.15819  -0.46025  -0.53853   0.24837   0.41892
   0.15074  -0.47580  -0.65910  -1.01252  -1.14899  -0.44452   0.15801
   0.76213   0.63767   1.39461   0.60027  -0.01023  -1.29805  -1.19040

 Columns 337 through 343:

   0.14731  -0.66611  -0.48341  -0.01174  -0.00751   0.00001  -0.00632
   0.95961   0.69513   0.06355  -0.14182   0.00677  -0.00069   0.01310
  -0.41724  -0.30930   0.03938   0.10201  -0.01454   0.00001   0.00093
   0.84869   0.68540  -0.28404   0.03817  -0.25662  -0.00124   0.02017
   1.67001   0.73632  -0.11625  -0.13484  -0.15419  -0.00060   0.00015
  -1.36807  -0.63450  -0.08275  -0.00062  -0.02162   0.00063   0.02823
  -2.84784  -2.97595  -1.56986  -0.90218   0.28198   0.00002   0.00065
   0.24568   0.12432  -0.16468  -0.09330   0.00531   0.00315  -0.03519
   0.32624   0.28202   0.90710   0.58253   0.06750   0.00006   0.00142
  -0.90013  -0.55017  -0.12499  -0.20548  -0.10017  -0.00005  -0.00719

 Columns 344 through 350:

   0.04301   0.39007  -1.05989  -1.46780  -0.72471   0.03351  -0.00003
  -0.02083   0.01231  -0.54356  -1.40130  -1.32087   0.35038   0.63588
   0.00020  -0.08434  -0.71403  -1.46582  -1.43502  -0.53521  -0.17487
  -0.00162  -0.45228  -0.77038  -0.08590  -1.94259  -0.91718  -0.77764
   0.18264   0.40304   0.82858   1.72501   3.78132   1.95910  -1.72712
  -1.34153  -1.25524   0.24518  -1.25494  -2.62558  -0.98149   0.95559
   0.00603  -0.09970  -0.87433  -1.69803  -0.64674   0.36045  -1.11313
  -0.03258  -0.09978  -0.34868  -0.40395   0.12645   0.04530   0.54706
   0.00391  -0.16641  -0.61786  -1.27817  -1.31657  -0.65445  -0.10112
   0.06002   0.33011  -0.75177  -0.91757  -0.07431   0.08248   0.03527

 Columns 351 through 357:

  -0.27818  -0.03756  -0.11691  -0.33517   0.58255   2.64244   2.91668
   0.54606  -0.77406  -0.01423   1.00383   0.26966   0.30417   0.35997
  -0.19515   0.01688   0.31408  -0.32843  -0.71260  -0.56988  -0.47406
  -0.98788  -2.44057  -1.40796   0.19916  -1.40445  -0.88788  -0.42439
  -2.20969   0.16576   1.33438   1.28006   0.81445   0.78845   0.66599
   1.35008   0.73569  -0.71591  -1.40646  -0.52938  -0.89649  -0.84056
  -1.71450  -0.12153  -0.28255  -0.63867   1.28933  -0.01384  -0.32998
  -0.25972  -0.06306   0.23067  -0.01881  -0.18197  -0.09274  -0.15851
  -0.62616  -0.88571  -1.00254  -0.85414  -0.20040   0.48072   0.37846
   0.48693   0.81731   0.46745  -0.58680  -0.96652  -1.01910  -0.75691

 Columns 358 through 364:

   0.68067  -0.24706  -0.01356   0.00019  -0.00000   0.00079   0.00299
   0.07945  -0.09039  -0.02203   0.00183   0.00003  -0.00082  -0.00461
  -0.05883  -0.06085  -0.01263   0.00108  -0.00000  -0.00004   0.00180
   0.28368   0.30850   0.28362  -0.00768  -0.00000   0.00099  -0.00207
   0.10425  -0.06197  -0.00118   0.02090  -0.00000  -0.00701   0.00632
  -0.33253   0.00761   0.00116   0.00278  -0.00000   0.00114   0.00045
  -0.23717  -0.09032  -0.08252  -0.08253  -0.00000  -0.00001   0.00012
  -0.08310  -0.01630  -0.03102   0.00624  -0.00013   0.00153  -0.00109
   0.05284   0.06702   0.08618  -0.00075  -0.00000  -0.00002   0.00083
  -0.36874   0.00290  -0.01504  -0.00062  -0.00000   0.00041   0.00331

 Columns 365 through 371:

  -0.10028  -0.40003  -0.13973  -0.16490   0.71367   0.54239  -0.13797
   0.10260  -0.02070  -0.46099  -0.51162  -0.03711   0.73228   0.50693
  -0.00225  -0.12622  -0.42708  -0.33782  -0.10803  -0.02157   0.01133
  -0.07976  -0.34469   0.98019   0.73516   0.19157  -0.90329  -1.09648
   0.68775   1.10885   0.82642   2.73126   3.38217   1.14369  -0.04713
   0.10634   0.76203  -0.26306  -0.74893  -0.20401  -1.00840  -0.31200
   0.01281  -0.15398  -0.86150  -0.93881  -0.32362  -0.05863  -0.06118
   0.04658  -0.29519  -0.73182  -0.76403  -0.42660  -0.10576   0.02383
   0.00746  -0.14971  -0.73588  -0.59042  -0.20176  -0.17781  -0.08387
  -0.02599  -0.71347  -0.76496  -0.33251  -0.12004  -0.06114  -0.13091

 Columns 372 through 378:

   0.28003   0.03865  -0.10555   0.00146   0.56751   1.86679   0.49031
   0.28448   1.74418   1.24258   0.59916   0.24962   0.06392   0.03073
   0.00709  -0.03239  -0.07613  -0.03315  -0.07676  -0.02844   0.00225
  -0.69943  -1.74437  -1.33049  -0.22115  -0.03776   0.04345   0.01555
  -0.27297  -0.22961  -0.06223  -0.00677  -0.46291  -0.28888  -0.04126
   1.14017   0.00302  -0.47268  -0.24858  -0.21994  -0.06390  -0.01379
   0.72681   0.05983  -0.14042  -0.00702   0.02066   0.02680   0.03122
  -0.09944  -0.25659  -0.24787  -0.18884  -0.24177  -0.06612   0.00282
   0.03559  -0.12173  -0.17530  -0.03799  -0.00577  -0.04854  -0.03316
  -0.12463  -0.28415  -0.38854  -0.10243   0.02348   0.03381   0.01497

 Columns 379 through 385:

  -0.04962   0.00078   0.00010   0.00000  -0.00004   0.00111  -0.00620
   0.00856   0.00124  -0.00012   0.00000   0.00002   0.00074  -0.00827
   0.00272   0.00006   0.00002   0.00000  -0.00001   0.00002  -0.00006
  -0.01122  -0.01340   0.00227   0.00000  -0.00010   0.00268   0.00361
   0.00813   0.00115  -0.00007   0.00000   0.00060  -0.00804   0.00501
   0.00348   0.00008  -0.00000   0.00000  -0.00015  -0.00296  -0.00044
   0.01840   0.01404   0.00361   0.00000  -0.00000   0.00001   0.00233
   0.00203   0.00198  -0.00041   0.00000  -0.00002  -0.00120   0.01437
  -0.00900  -0.00709  -0.00101   0.00000  -0.00000   0.00002   0.00227
   0.00088   0.00280   0.00101   0.00000  -0.00002  -0.00016   0.01322

 Columns 386 through 392:

   0.01170  -0.00430   0.00656  -0.06745  -0.05971   0.00464   0.04988
  -0.02666   0.00662   0.02213  -0.01313   0.02451   0.08489   0.17568
   0.00582   0.03134   0.01981   0.00689   0.00198  -0.00120   0.00943
  -0.31225  -0.28219  -0.29915  -0.03452  -0.11275  -0.16446  -0.08451
   0.05461  -0.20546   0.06435   0.21318   0.13936  -0.00913  -0.01662
   0.83598   0.52828  -0.17373   0.02153  -0.03237  -0.14991  -0.18634
  -0.03219  -0.08380  -0.13099  -0.02003  -0.01127  -0.00096  -0.06908
  -0.01402   0.03994   0.07035   0.00245   0.02261   0.00888  -0.02096
  -0.03421  -0.10087  -0.03343   0.01382   0.00304   0.00279   0.00611
  -0.16023  -0.02012  -0.06063  -0.00188   0.00950   0.01188   0.00756

 Columns 393 through 399:

   0.00158   0.07055   0.35631  -0.01592  -0.17042  -0.04257   0.00527
   0.38910   0.30850  -0.01582   0.03030   0.00845   0.01533   0.00423
   0.01661   0.00086  -0.01150  -0.00258  -0.00371   0.00053  -0.00003
  -0.24358  -0.32604  -0.01797   0.00876  -0.00451  -0.00307   0.00025
  -0.11204  -0.14028  -0.02804  -0.07798  -0.01300   0.00458  -0.00036
  -0.21094  -0.11313  -0.02260  -0.02804  -0.00683   0.00199  -0.00028
  -0.01929  -0.00297  -0.02265  -0.00442  -0.00458  -0.00590  -0.00122
  -0.05519  -0.05411  -0.02903  -0.02671  -0.01125   0.00063  -0.00011
  -0.03952  -0.07656  -0.01894   0.00097   0.00246   0.00088  -0.00056
   0.02178   0.03344   0.01129   0.00289   0.00499   0.00091  -0.00026

 Columns 400 and 401:

   0.00000   0.00000
  -0.00048   0.00000
   0.00000   0.00000
   0.00001   0.00000
  -0.00000   0.00000
   0.00001   0.00000
   0.00015   0.00000
   0.00001   0.00000
   0.00004   0.00000
   0.00001   0.00000

